0	1	2	3	4	5	6	7	8	9	10	11	12	13	14	15	16	17	18	19	20	21	22	23	24	
0 	20	0	0	0	0	0	0	0	0	0	0	0	0	0	0	0	0	0	0	0	0	0	0	0

0 -> 1 /20

0	1	2	3	4	5	6	7	8	9	10	11	12	13	14	15	16	17	18	19	20	21	22	23	24
20 	0 	53 	38 	55 	0	0	0	0	0	0	0	0	0	0	0	0	0	0	0	0	0	0	0	0	
1-> 0 /20
1-> 2 /53
1-> 3 /38
1-> 4 /55

0	1	2	3	4	5	6	7	8	9	10	11	12	13	14	15	16	17	18	19	20	21	22	23	24
0	53 	0 	0 	0 	0 	48 	0	0	0	0	0	0	0	0	0	0	0	0	0	0	0	0	0	0	

2-> 1 53
2-> 6 48

0	1	2	3	4	5	6	7	8	9	10	11	12	13	14	15	16	17	18	19	20	21	22	23	24
0	38	0	0	0	52	0	0	0	0	0	0	0	0	0	0	0	0	0	0	0	0	0	0	0	

3-> 1 38
3-> 5 52

0	1	2	3	4	5	6	7	8	9	10	11	12	13	14	15	16	17	18	19	20	21	22	23	24
0	55	0	0	0	54	47	0	0	0	0	0	0	0	0	0	0	0	0	0	0	0	0	0	0

4 1 55
4 5 54
4 6 47

0	1	2	3	4	5	6	7	8	9	10	11	12	13	14	15	16	17	18	19	20	21	22	23	24	
0	0	0	52	54	0	0	33	0	0	0	0	0	0	0	0	0	0	0	0	0	0	0	0	0	

5 3 52
5 4 54
5 7 33

0	1	2	3	4	5	6	7	8	9	10	11	12	13	14	15	16	17	18	19	20	21	22	23	24	
0	0	48	0	47	0	0	0	46	0	0	0	0	0	0	0	0	0	0	0	0	0	0	0	0	

6 2 48
6 4 47
6 8 46




0	1	2	3	4	5	6	7	8	9	10	11	12	13	14	15	16	17	18	19	20	21	22	23	24	
0	0	0	0	0	33	0	0	0	0	72	0	92	0	0	0	0	0	0	0	0	0	0	0	0	

7-> 5 33
7-> 10 72
7-> 12 92



0	1	2	3	4	5	6	7	8	9	10	11	12	13	14	15	16	17	18	19	20	21	22	23	24	
0	0	0	0	0	0	46	0	0	42	0	0	0	0	0	0	0	0	0	0	0	0	0	0	0	

8-> 6 46
8-> 9 42


0	1	2	3	4	5	6	7	8	9	10	11	12	13	14	15	16	17	18	19	20	21	22	23	24	
0	0	0	0	0	0	0	0	46	0	67	24	0	0	0	0	0	0	0	0	0	0	0	0	0	

9 8 46
9 10 67
9 11 24


0	1	2	3	4	5	6	7	8	9	10	11	12	13	14	15	16	17	18	19	20	21	22	23	24	
0	0	0	0	0	0	0	72	0	67	0	0	46	0	0	0	0	0	0	0	0	0	0	0	0	

10 7 72
10 9 67
10 12 46


0	1	2	3	4	5	6	7	8	9	10	11	12	13	14	15	16	17	18	19	20	21	22	23	24	
0	0	0	0	0	0	0	0	0	24	0	0	74	0	0	0	0	0	0	0	0	0	0	0	0	

11 9 24
11 12 74


0	1	2	3	4	5	6	7	8	9	10	11	12	13	14	15	16	17	18	19	20	21	22	23	24	
0	0	0	0	0	0	0	92	0	0	46	74	0	54	0	0	0	0	0	0	0	0	0	0	0	

12 7 92
12 10 46
12 11 74
12 13 54


0	1	2	3	4	5	6	7	8	9	10	11	12	13	14	15	16	17	18	19	20	21	22	23	24	
0	0	0	0	0	0	0	0	0	0	0	0	54	0	36	150	0	0	0	0	0	0	0	0	0	

13 12 54
13 14 36
13 15 150

0	1	2	3	4	5	6	7	8	9	10	11	12	13	14	15	16	17	18	19	20	21	22	23	24	
0	0	0	0	0	0	0	0	0	0	0	0	0	36	0	0	100	0	0	0	0	0	0	0	0	

14 13 36
14 16 100

0	1	2	3	4	5	6	7	8	9	10	11	12	13	14	15	16	17	18	19	20	21	22	23	24	
0	0	0	0	0	0	0	0	0	0	0	0	0	150	0	0	0	34	88	0	0	0	0	0	0	

15 13 150
15 17 34
15 18 88

0	1	2	3	4	5	6	7	8	9	10	11	12	13	14	15	16	17	18	19	20	21	22	23	24	
0	0	0	0	0	0	0	0	0	0	0	0	0	0	100	0	0	20	0	0	87	0	0	0	0	

16 14 100
16 17 20
16 20 87


0	1	2	3	4	5	6	7	8	9	10	11	12	13	14	15	16	17	18	19	20	21	22	23	24	
0	0	0	0	0	0	0	0	0	0	0	0	0	0	0	34	20	0	0	87	0	0	0	0	0	

17 15 34
17 16 20
17 19 87


0	1	2	3	4	5	6	7	8	9	10	11	12	13	14	15	16	17	18	19	20	21	22	23	24	
0	0	0	0	0	0	0	0	0	0	0	0	0	0	0	88	0	0	0	34	0	43	0	0	0	

18 15 88
18 19 34
18 21 43



0	1	2	3	4	5	6	7	8	9	10	11	12	13	14	15	16	17	18	19	20	21	22	23	24	
0	0	0	0	0	0	0	0	0	0	0	0	0	0	0	0	0	87	34	0	17	0	0	0	0	

19 17 87
19 18 34
19 20 17

0	1	2	3	4	5	6	7	8	9	10	11	12	13	14	15	16	17	18	19	20	21	22	23	24	
0	0	0	0	0	0	0	0	0	0	0	0	0	0	0	0	87	0	0	17	0	0	111	0	0	

20 16 87
20 19 17
20 22 111

0	1	2	3	4	5	6	7	8	9	10	11	12	13	14	15	16	17	18	19	20	21	22	23	24	
0	0	0	0	0	0	0	0	0	0	0	0	0	0	0	0	0	0	43	0	0	0	78	0	0	

21 18 43
21 22 78

0	1	2	3	4	5	6	7	8	9	10	11	12	13	14	15	16	17	18	19	20	21	22	23	24	
0	0	0	0	0	0	0	0	0	0	0	0	0	0	0	0	0	0	0	0	111	78	0	47	100	

22 20 111
22 21 78
22 23 47
22 24 100

0	1	2	3	4	5	6	7	8	9	10	11	12	13	14	15	16	17	18	19	20	21	22	23	24	
0	0	0	0	0	0	0	0	0	0	0	0	0	0	0	0	0	0	0	0	0	0	47	0	92	

23 22 47
23 24 92

0	1	2	3	4	5	6	7	8	9	10	11	12	13	14	15	16	17	18	19	20	21	22	23	24	
0	0	0	0	0	0	0	0	0	0	0	0	0	0	0	0	0	0	0	0	0	0	100	92	0	

24 22 100
24 23 92



0 	20	0	0	0	0	0	0	0	0	0	0	0	0	0	0	0	0	0	0	0	0	0	0	0
20 	0 	53 	38 	55 	0	0	0	0	0	0	0	0	0	0	0	0	0	0	0	0	0	0	0	0	
0	53 	0 	0 	0 	0 	48 	0	0	0	0	0	0	0	0	0	0	0	0	0	0	0	0	0	0	
0	38	0	0	0	52	0	0	0	0	0	0	0	0	0	0	0	0	0	0	0	0	0	0	0	
0	55	0	0	0	54	47	0	0	0	0	0	0	0	0	0	0	0	0	0	0	0	0	0	0
0	0	0	52	54	0	0	33	0	0	0	0	0	0	0	0	0	0	0	0	0	0	0	0	0	
0	0	48	0	47	0	0	0	46	0	0	0	0	0	0	0	0	0	0	0	0	0	0	0	0	
0	0	0	0	0	33	0	0	0	0	72	0	92	0	0	0	0	0	0	0	0	0	0	0	0	
0	0	0	0	0	0	46	0	0	42	0	0	0	0	0	0	0	0	0	0	0	0	0	0	0	
0	0	0	0	0	0	0	0	46	0	67	24	0	0	0	0	0	0	0	0	0	0	0	0	0	
0	0	0	0	0	0	0	72	0	67	0	0	46	0	0	0	0	0	0	0	0	0	0	0	0	
0	0	0	0	0	0	0	0	0	24	0	0	74	0	0	0	0	0	0	0	0	0	0	0	0	
0	0	0	0	0	0	0	92	0	0	46	74	0	54	0	0	0	0	0	0	0	0	0	0	0	
0	0	0	0	0	0	0	0	0	0	0	0	54	0	36	150	0	0	0	0	0	0	0	0	0	
0	0	0	0	0	0	0	0	0	0	0	0	0	36	0	0	100	0	0	0	0	0	0	0	0	
0	0	0	0	0	0	0	0	0	0	0	0	0	150	0	0	0	34	88	0	0	0	0	0	0	
0	0	0	0	0	0	0	0	0	0	0	0	0	0	100	0	0	20	0	0	87	0	0	0	0	
0	0	0	0	0	0	0	0	0	0	0	0	0	0	0	34	20	0	0	87	0	0	0	0	0	
0	0	0	0	0	0	0	0	0	0	0	0	0	0	0	88	0	0	0	34	0	43	0	0	0	
0	0	0	0	0	0	0	0	0	0	0	0	0	0	0	0	0	87	34	0	17	0	0	0	0	
0	0	0	0	0	0	0	0	0	0	0	0	0	0	0	0	87	0	0	17	0	0	111	0	0	
0	0	0	0	0	0	0	0	0	0	0	0	0	0	0	0	0	0	43	0	0	0	78	0	0	
0	0	0	0	0	0	0	0	0	0	0	0	0	0	0	0	0	0	0	0	111	78	0	47	100	
0	0	0	0	0	0	0	0	0	0	0	0	0	0	0	0	0	0	0	0	0	0	47	0	92	
0	0	0	0	0	0	0	0	0	0	0	0	0	0	0	0	0	0	0	0	0	0	100	92	0	


{0 , 20, 0, 0, 0, 0, 0, 0, 0, 0, 0, 0, 0, 0, 0, 0, 0, 0, 0, 0, 0, 0, 0, 0, 0}, 
{20 , 0 , 53 , 38 , 55 , 0, 0, 0, 0, 0, 0, 0, 0, 0, 0, 0, 0, 0, 0, 0, 0, 0, 0, 0, 0}, 
{0, 53 , 0 , 0 , 0 , 0 , 48 , 0, 0, 0, 0, 0, 0, 0, 0, 0, 0, 0, 0, 0, 0, 0, 0, 0, 0}, 
{0, 38, 0, 0, 0, 52, 0, 0, 0, 0, 0, 0, 0, 0, 0, 0, 0, 0, 0, 0, 0, 0, 0, 0, 0}, 
{0, 55, 0, 0, 0, 54, 47, 0, 0, 0, 0, 0, 0, 0, 0, 0, 0, 0, 0, 0, 0, 0, 0, 0, 0},
{0, 0, 0, 52, 54, 0, 0, 33, 0, 0, 0, 0, 0, 0, 0, 0, 0, 0, 0, 0, 0, 0, 0, 0, 0}, 
{0, 0, 48, 0, 47, 0, 0, 0, 46, 0, 0, 0, 0, 0, 0, 0, 0, 0, 0, 0, 0, 0, 0, 0, 0}, 
{0, 0, 0, 0, 0, 33, 0, 0, 0, 0, 72, 0, 92, 0, 0, 0, 0, 0, 0, 0, 0, 0, 0, 0, 0}, 
{0, 0, 0, 0, 0, 0, 46, 0, 0, 42, 0, 0, 0, 0, 0, 0, 0, 0, 0, 0, 0, 0, 0, 0, 0}, 
{0, 0, 0, 0, 0, 0, 0, 0, 46, 0, 67, 24, 0, 0, 0, 0, 0, 0, 0, 0, 0, 0, 0, 0, 0}, 
{0, 0, 0, 0, 0, 0, 0, 72, 0, 67, 0, 0, 46, 0, 0, 0, 0, 0, 0, 0, 0, 0, 0, 0, 0}, 
{0, 0, 0, 0, 0, 0, 0, 0, 0, 24, 0, 0, 74, 0, 0, 0, 0, 0, 0, 0, 0, 0, 0, 0, 0}, 
{0, 0, 0, 0, 0, 0, 0, 92, 0, 0, 46, 74, 0, 54, 0, 0, 0, 0, 0, 0, 0, 0, 0, 0, 0}, 
{0, 0, 0, 0, 0, 0, 0, 0, 0, 0, 0, 0, 54, 0, 36, 150, 0, 0, 0, 0, 0, 0, 0, 0, 0}, 
{0, 0, 0, 0, 0, 0, 0, 0, 0, 0, 0, 0, 0, 36, 0, 0, 100, 0, 0, 0, 0, 0, 0, 0, 0}, 
{0, 0, 0, 0, 0, 0, 0, 0, 0, 0, 0, 0, 0, 150, 0, 0, 0, 34, 88, 0, 0, 0, 0, 0, 0}, 
{0, 0, 0, 0, 0, 0, 0, 0, 0, 0, 0, 0, 0, 0, 100, 0, 0, 20, 0, 0, 87, 0, 0, 0, 0}, 
{0, 0, 0, 0, 0, 0, 0, 0, 0, 0, 0, 0, 0, 0, 0, 34, 20, 0, 0, 87, 0, 0, 0, 0, 0}, 
{0, 0, 0, 0, 0, 0, 0, 0, 0, 0, 0, 0, 0, 0, 0, 88, 0, 0, 0, 34, 0, 43, 0, 0, 0}, 
{0, 0, 0, 0, 0, 0, 0, 0, 0, 0, 0, 0, 0, 0, 0, 0, 0, 87, 34, 0, 17, 0, 0, 0, 0}, 
{0, 0, 0, 0, 0, 0, 0, 0, 0, 0, 0, 0, 0, 0, 0, 0, 87, 0, 0, 17, 0, 0, 111, 0, 0}, 
{0, 0, 0, 0, 0, 0, 0, 0, 0, 0, 0, 0, 0, 0, 0, 0, 0, 0, 43, 0, 0, 0, 78, 0, 0}, 
{0, 0, 0, 0, 0, 0, 0, 0, 0, 0, 0, 0, 0, 0, 0, 0, 0, 0, 0, 0, 111, 78, 0, 47, 100}, 
{0, 0, 0, 0, 0, 0, 0, 0, 0, 0, 0, 0, 0, 0, 0, 0, 0, 0, 0, 0, 0, 0, 47, 0, 92}, 
{0, 0, 0, 0, 0, 0, 0, 0, 0, 0, 0, 0, 0, 0, 0, 0, 0, 0, 0, 0, 0, 0, 100, 92, 0}, 
